[STEREO]
Baseline = 1.0
TY = 0.0009636327976955085
TZ = -0.055990188534324754
CV_HD = 0.029145077249907562
RX_HD = 0.011837364612776125
RZ_HD = 0.004124984432168342

