[LEFT_CAM_2K]
fx = 2996.887164152216
fy = 3068.337262545755
cx = 1969.7472134137302
cy = 1648.9369778958717
k1 = 0.12964414599718585
k2 = -1.3494940186508069
p1 = 0.0004058583380559326
p2 = 0.0030269728789159528
k3 = 3.6867095621044306

[RIGHT_CAM_2K]
fx = 3414.751224115389
fy = 3451.691955739356
cx = 1973.5341619858152
cy = 1390.439057217152
k1 = -0.06695490370385355
k2 = 0.3565687855263783
p1 = 0.0018623769980071609
p2 = 0.002942078243350977
k3 = -0.5429018395817987

[STEREO]
Baseline = 0.9999999999999999
TY = 0.3459880799296316
TZ = -0.863236999277707
CV_HD = 
RX_HD = 0.08561107245170126
RZ_HD = 0.3469511081649547

