[LEFT_CAM_FHD]
fx = 1065.3599550104575
fy = 1067.2483601056565
cx = 985.2083030859469
cy = 551.5336067892251
k1 = -0.11328065118753079
k2 = 0.13707207207494437
p1 = -0.0019528166842453286
p2 = 0.00512838289208172
k3 = -0.08576789618898088

