[LEFT_CAM_FHD]
fx = 1065.3599550104575
fy = 1067.2483601056565
cx = 985.2083030859469
cy = 551.5336067892251
k1 = -0.11328065118753079
k2 = 0.13707207207494437
p1 = -0.0019528166842453286
p2 = 0.00512838289208172
k3 = -0.08576789618898088

[RIGHT_CAM_FHD]
fx = 1066.7580977730422
fy = 1065.419847937496
cx = 982.7728832430806
cy = 538.0306241114688
k1 = -0.09847441718162564
k2 = 0.10181971139595705
p1 = -0.0017260347359449636
p2 = 0.00448495371462269
k3 = -0.04964193330222319

[STEREO]
Baseline = 1.0
TY = 0.0009636327976955085
TZ = -0.055990188534324754
CV_HD = 0.029145077249907562
RX_HD = 0.011837364612776125
RZ_HD = 0.004124984432168342