[RIGHT_CAM_FHD]
fx = 1066.7580977730422
fy = 1065.419847937496
cx = 982.7728832430806
cy = 538.0306241114688
k1 = -0.09847441718162564
k2 = 0.10181971139595705
p1 = -0.0017260347359449636
p2 = 0.00448495371462269
k3 = -0.04964193330222319

